bound: 0
new edge: 22 20 2
--------------------------------------------
Starting Primal Dual Algorithm: 
n: 50
m: 1
t: 10
47 48 || 21 34 || 26 11 || 36 33 || 23 21 || 
EEE: 
21 19 
INPUT END
Solution set: 
ResulT: 0 -1
--------------------------------------------

bound: 1
new edge: 41 44 7
--------------------------------------------
Starting Primal Dual Algorithm: 
n: 50
m: 2
t: 10
47 48 || 21 34 || 26 11 || 36 33 || 23 21 || 
EEE: 
21 19 
40 43 
INPUT END
Solution set: 40 43 100000000 

ResulT: 1 -1
--------------------------------------------

bound: 2
new edge: 41 36 2
--------------------------------------------
Starting Primal Dual Algorithm: 
n: 50
m: 3
t: 10
47 48 || 21 34 || 26 11 || 36 33 || 23 21 || 
EEE: 
21 19 
40 43 
40 35 
INPUT END
Solution set: 40 43 100000000 

ResulT: 2 -1
--------------------------------------------

bound: 3
new edge: 41 22 8
--------------------------------------------
Starting Primal Dual Algorithm: 
n: 50
m: 4
t: 10
47 48 || 21 34 || 26 11 || 36 33 || 23 21 || 
EEE: 
21 19 
40 43 
40 35 
40 21 
INPUT END
Solution set: 40 43 100000000 

ResulT: 3 -1
--------------------------------------------

bound: 4
new edge: 17 6 7
--------------------------------------------
Starting Primal Dual Algorithm: 
n: 50
m: 5
t: 10
47 48 || 21 34 || 26 11 || 36 33 || 23 21 || 
EEE: 
21 19 
40 43 
40 35 
40 21 
16 5 
INPUT END
Solution set: 40 43 100000000 

ResulT: 4 -1
--------------------------------------------

bound: 5
new edge: 40 15 10
--------------------------------------------
Starting Primal Dual Algorithm: 
n: 50
m: 6
t: 10
47 48 || 21 34 || 26 11 || 36 33 || 23 21 || 
EEE: 
21 19 
40 43 
40 35 
40 21 
16 5 
39 14 
INPUT END
Solution set: 40 43 100000000 

ResulT: 5 -1
--------------------------------------------

bound: 6
new edge: 34 20 10
--------------------------------------------
Starting Primal Dual Algorithm: 
n: 50
m: 7
t: 10
47 48 || 21 34 || 26 11 || 36 33 || 23 21 || 
EEE: 
21 19 
40 43 
40 35 
40 21 
16 5 
39 14 
33 19 
INPUT END
Solution set: 40 43 100000000 

ResulT: 6 -1
--------------------------------------------

bound: 7
new edge: 20 27 2
--------------------------------------------
Starting Primal Dual Algorithm: 
n: 50
m: 8
t: 10
47 48 || 21 34 || 26 11 || 36 33 || 23 21 || 
EEE: 
21 19 
40 43 
40 35 
40 21 
16 5 
39 14 
33 19 
19 26 
INPUT END
Solution set: 19 26 2 
40 43 100000000 

ResulT: 7 -1
--------------------------------------------

bound: 8
new edge: 21 17 5
--------------------------------------------
Starting Primal Dual Algorithm: 
n: 50
m: 9
t: 10
47 48 || 21 34 || 26 11 || 36 33 || 23 21 || 
EEE: 
21 19 
40 43 
40 35 
40 21 
16 5 
39 14 
33 19 
19 26 
20 16 
INPUT END
Solution set: 19 26 2 
40 43 100000000 

ResulT: 8 -1
--------------------------------------------

bound: 9
new edge: 29 9 5
--------------------------------------------
Starting Primal Dual Algorithm: 
n: 50
m: 10
t: 10
47 48 || 21 34 || 26 11 || 36 33 || 23 21 || 
EEE: 
21 19 
40 43 
40 35 
40 21 
16 5 
39 14 
33 19 
19 26 
20 16 
28 8 
INPUT END
Solution set: 19 26 2 
40 43 100000000 

ResulT: 9 -1
--------------------------------------------

bound: 10
new edge: 41 25 5
--------------------------------------------
Starting Primal Dual Algorithm: 
n: 50
m: 11
t: 10
47 48 || 21 34 || 26 11 || 36 33 || 23 21 || 
EEE: 
21 19 
40 43 
40 35 
40 21 
16 5 
39 14 
33 19 
19 26 
20 16 
28 8 
40 24 
INPUT END
Solution set: 19 26 2 
40 43 100000000 

ResulT: 10 -1
--------------------------------------------

bound: 11
new edge: 36 50 10
--------------------------------------------
Starting Primal Dual Algorithm: 
n: 50
m: 12
t: 10
47 48 || 21 34 || 26 11 || 36 33 || 23 21 || 
EEE: 
21 19 
40 43 
40 35 
40 21 
16 5 
39 14 
33 19 
19 26 
20 16 
28 8 
40 24 
35 49 
INPUT END
Solution set: 19 26 2 
40 43 100000000 
35 49 100000000 

ResulT: 11 -1
--------------------------------------------

bound: 12
new edge: 27 34 4
--------------------------------------------
Starting Primal Dual Algorithm: 
n: 50
m: 13
t: 10
47 48 || 21 34 || 26 11 || 36 33 || 23 21 || 
EEE: 
21 19 
40 43 
40 35 
40 21 
16 5 
39 14 
33 19 
19 26 
20 16 
28 8 
40 24 
35 49 
26 33 
INPUT END
Solution set: 19 26 2 
26 33 2 
40 43 100000000 
35 49 100000000 

ResulT: 12 -1
--------------------------------------------

bound: 13
new edge: 44 24 8
--------------------------------------------
Starting Primal Dual Algorithm: 
n: 50
m: 14
t: 10
47 48 || 21 34 || 26 11 || 36 33 || 23 21 || 
EEE: 
21 19 
40 43 
40 35 
40 21 
16 5 
39 14 
33 19 
19 26 
20 16 
28 8 
40 24 
35 49 
26 33 
43 23 
INPUT END
Solution set: 19 26 2 
26 33 2 
40 43 100000000 
35 49 100000000 

ResulT: 13 -1
--------------------------------------------

bound: 14
new edge: 50 13 1
--------------------------------------------
Starting Primal Dual Algorithm: 
n: 50
m: 15
t: 10
47 48 || 21 34 || 26 11 || 36 33 || 23 21 || 
EEE: 
21 19 
40 43 
40 35 
40 21 
16 5 
39 14 
33 19 
19 26 
20 16 
28 8 
40 24 
35 49 
26 33 
43 23 
49 12 
INPUT END
Solution set: 19 26 2 
26 33 2 
40 43 100000000 
35 49 100000000 

ResulT: 14 -1
--------------------------------------------

bound: 15
new edge: 20 40 10
--------------------------------------------
Starting Primal Dual Algorithm: 
n: 50
m: 16
t: 10
47 48 || 21 34 || 26 11 || 36 33 || 23 21 || 
EEE: 
21 19 
40 43 
40 35 
40 21 
16 5 
39 14 
33 19 
19 26 
20 16 
28 8 
40 24 
35 49 
26 33 
43 23 
49 12 
19 39 
INPUT END
Solution set: 19 26 2 
26 33 2 
19 39 10 
40 43 100000000 
35 49 100000000 

ResulT: 15 -1
--------------------------------------------

bound: 16
new edge: 28 24 5
--------------------------------------------
Starting Primal Dual Algorithm: 
n: 50
m: 17
t: 10
47 48 || 21 34 || 26 11 || 36 33 || 23 21 || 
EEE: 
21 19 
40 43 
40 35 
40 21 
16 5 
39 14 
33 19 
19 26 
20 16 
28 8 
40 24 
35 49 
26 33 
43 23 
49 12 
19 39 
27 23 
INPUT END
Solution set: 19 26 2 
26 33 2 
19 39 10 
40 43 100000000 
35 49 100000000 

ResulT: 16 -1
--------------------------------------------

bound: 17
new edge: 2 32 2
--------------------------------------------
Starting Primal Dual Algorithm: 
n: 50
m: 18
t: 10
47 48 || 21 34 || 26 11 || 36 33 || 23 21 || 
EEE: 
21 19 
40 43 
40 35 
40 21 
16 5 
39 14 
33 19 
19 26 
20 16 
28 8 
40 24 
35 49 
26 33 
43 23 
49 12 
19 39 
27 23 
1 31 
INPUT END
Solution set: 19 26 2 
26 33 2 
19 39 10 
35 49 100000000 
1 31 100000000 
40 43 100000000 

ResulT: 17 -1
--------------------------------------------

bound: 18
new edge: 17 42 6
--------------------------------------------
Starting Primal Dual Algorithm: 
n: 50
m: 19
t: 10
47 48 || 21 34 || 26 11 || 36 33 || 23 21 || 
EEE: 
21 19 
40 43 
40 35 
40 21 
16 5 
39 14 
33 19 
19 26 
20 16 
28 8 
40 24 
35 49 
26 33 
43 23 
49 12 
19 39 
27 23 
1 31 
16 41 
INPUT END
Solution set: 19 26 2 
26 33 2 
19 39 10 
16 41 100000000 
35 49 100000000 
40 43 100000000 
1 31 100000000 

ResulT: 18 -1
--------------------------------------------

bound: 19
new edge: 14 31 9
--------------------------------------------
Starting Primal Dual Algorithm: 
n: 50
m: 20
t: 10
47 48 || 21 34 || 26 11 || 36 33 || 23 21 || 
EEE: 
21 19 
40 43 
40 35 
40 21 
16 5 
39 14 
33 19 
19 26 
20 16 
28 8 
40 24 
35 49 
26 33 
43 23 
49 12 
19 39 
27 23 
1 31 
16 41 
13 30 
INPUT END
Solution set: 19 26 2 
26 33 2 
19 39 10 
16 41 100000000 
1 31 100000000 
13 30 100000000 
40 43 100000000 
35 49 100000000 

ResulT: 19 -1
--------------------------------------------

bound: 20
new edge: 47 45 10
--------------------------------------------
Starting Primal Dual Algorithm: 
n: 50
m: 21
t: 10
47 48 || 21 34 || 26 11 || 36 33 || 23 21 || 
EEE: 
21 19 
40 43 
40 35 
40 21 
16 5 
39 14 
33 19 
19 26 
20 16 
28 8 
40 24 
35 49 
26 33 
43 23 
49 12 
19 39 
27 23 
1 31 
16 41 
13 30 
46 44 
INPUT END
Solution set: 19 26 2 
26 33 2 
19 39 10 
16 41 100000000 
1 31 100000000 
13 30 100000000 
40 43 100000000 
35 49 100000000 

ResulT: 20 -1
--------------------------------------------

bound: 21
new edge: 11 3 7
--------------------------------------------
Starting Primal Dual Algorithm: 
n: 50
m: 22
t: 10
47 48 || 21 34 || 26 11 || 36 33 || 23 21 || 
EEE: 
21 19 
40 43 
40 35 
40 21 
16 5 
39 14 
33 19 
19 26 
20 16 
28 8 
40 24 
35 49 
26 33 
43 23 
49 12 
19 39 
27 23 
1 31 
16 41 
13 30 
46 44 
10 2 
INPUT END
Solution set: 19 26 2 
26 33 2 
19 39 10 
16 41 100000000 
1 31 100000000 
13 30 100000000 
40 43 100000000 
35 49 100000000 

ResulT: 21 -1
--------------------------------------------

bound: 22
new edge: 36 11 9
--------------------------------------------
Starting Primal Dual Algorithm: 
n: 50
m: 23
t: 10
47 48 || 21 34 || 26 11 || 36 33 || 23 21 || 
EEE: 
21 19 
40 43 
40 35 
40 21 
16 5 
39 14 
33 19 
19 26 
20 16 
28 8 
40 24 
35 49 
26 33 
43 23 
49 12 
19 39 
27 23 
1 31 
16 41 
13 30 
46 44 
10 2 
35 10 
INPUT END
Solution set: 19 26 2 
26 33 2 
19 39 10 
16 41 100000000 
1 31 100000000 
13 30 100000000 
40 43 100000000 
35 49 100000000 

ResulT: 22 -1
--------------------------------------------

bound: 23
new edge: 18 43 1
--------------------------------------------
Starting Primal Dual Algorithm: 
n: 50
m: 24
t: 10
47 48 || 21 34 || 26 11 || 36 33 || 23 21 || 
EEE: 
21 19 
40 43 
40 35 
40 21 
16 5 
39 14 
33 19 
19 26 
20 16 
28 8 
40 24 
35 49 
26 33 
43 23 
49 12 
19 39 
27 23 
1 31 
16 41 
13 30 
46 44 
10 2 
35 10 
17 42 
INPUT END
Solution set: 19 26 2 
26 33 2 
19 39 10 
35 49 100000000 
40 43 100000000 
13 30 100000000 
16 41 100000000 
1 31 100000000 
17 42 100000000 

ResulT: 23 -1
--------------------------------------------

bound: 24
new edge: 41 1 5
--------------------------------------------
Starting Primal Dual Algorithm: 
n: 50
m: 25
t: 10
47 48 || 21 34 || 26 11 || 36 33 || 23 21 || 
EEE: 
21 19 
40 43 
40 35 
40 21 
16 5 
39 14 
33 19 
19 26 
20 16 
28 8 
40 24 
35 49 
26 33 
43 23 
49 12 
19 39 
27 23 
1 31 
16 41 
13 30 
46 44 
10 2 
35 10 
17 42 
40 0 
INPUT END
Solution set: 19 26 2 
26 33 2 
19 39 10 
35 49 100000000 
40 43 100000000 
13 30 100000000 
16 41 100000000 
1 31 100000000 
17 42 100000000 

ResulT: 24 -1
--------------------------------------------

bound: 25
new edge: 34 30 2
--------------------------------------------
Starting Primal Dual Algorithm: 
n: 50
m: 26
t: 10
47 48 || 21 34 || 26 11 || 36 33 || 23 21 || 
EEE: 
21 19 
40 43 
40 35 
40 21 
16 5 
39 14 
33 19 
19 26 
20 16 
28 8 
40 24 
35 49 
26 33 
43 23 
49 12 
19 39 
27 23 
1 31 
16 41 
13 30 
46 44 
10 2 
35 10 
17 42 
40 0 
33 29 
INPUT END
Solution set: 19 26 2 
26 33 2 
19 39 10 
35 49 100000000 
40 43 100000000 
13 30 100000000 
16 41 100000000 
1 31 100000000 
17 42 100000000 

ResulT: 25 -1
--------------------------------------------

bound: 26
new edge: 18 28 1
--------------------------------------------
Starting Primal Dual Algorithm: 
n: 50
m: 27
t: 10
47 48 || 21 34 || 26 11 || 36 33 || 23 21 || 
EEE: 
21 19 
40 43 
40 35 
40 21 
16 5 
39 14 
33 19 
19 26 
20 16 
28 8 
40 24 
35 49 
26 33 
43 23 
49 12 
19 39 
27 23 
1 31 
16 41 
13 30 
46 44 
10 2 
35 10 
17 42 
40 0 
33 29 
17 27 
INPUT END
Solution set: 19 26 2 
26 33 2 
19 39 10 
35 49 100000000 
17 27 100000000 
16 41 100000000 
1 31 100000000 
13 30 100000000 
17 42 100000000 
40 43 100000000 

ResulT: 26 -1
--------------------------------------------

bound: 27
new edge: 22 40 8
--------------------------------------------
Starting Primal Dual Algorithm: 
n: 50
m: 28
t: 10
47 48 || 21 34 || 26 11 || 36 33 || 23 21 || 
EEE: 
21 19 
40 43 
40 35 
40 21 
16 5 
39 14 
33 19 
19 26 
20 16 
28 8 
40 24 
35 49 
26 33 
43 23 
49 12 
19 39 
27 23 
1 31 
16 41 
13 30 
46 44 
10 2 
35 10 
17 42 
40 0 
33 29 
17 27 
21 39 
INPUT END
Solution set: 19 26 2 
26 33 2 
21 39 6 
19 39 2 
40 43 100000000 
1 31 100000000 
16 41 100000000 
13 30 100000000 
17 27 100000000 
35 49 100000000 
17 42 100000000 

ResulT: 27 -1
--------------------------------------------

bound: 28
new edge: 47 37 3
--------------------------------------------
Starting Primal Dual Algorithm: 
n: 50
m: 29
t: 10
47 48 || 21 34 || 26 11 || 36 33 || 23 21 || 
EEE: 
21 19 
40 43 
40 35 
40 21 
16 5 
39 14 
33 19 
19 26 
20 16 
28 8 
40 24 
35 49 
26 33 
43 23 
49 12 
19 39 
27 23 
1 31 
16 41 
13 30 
46 44 
10 2 
35 10 
17 42 
40 0 
33 29 
17 27 
21 39 
46 36 
INPUT END
Solution set: 19 26 2 
26 33 2 
21 39 6 
19 39 2 
40 43 100000000 
1 31 100000000 
16 41 100000000 
13 30 100000000 
17 27 100000000 
35 49 100000000 
17 42 100000000 

ResulT: 28 -1
--------------------------------------------

bound: 29
new edge: 40 23 3
--------------------------------------------
Starting Primal Dual Algorithm: 
n: 50
m: 30
t: 10
47 48 || 21 34 || 26 11 || 36 33 || 23 21 || 
EEE: 
21 19 
40 43 
40 35 
40 21 
16 5 
39 14 
33 19 
19 26 
20 16 
28 8 
40 24 
35 49 
26 33 
43 23 
49 12 
19 39 
27 23 
1 31 
16 41 
13 30 
46 44 
10 2 
35 10 
17 42 
40 0 
33 29 
17 27 
21 39 
46 36 
39 22 
INPUT END
Solution set: 19 26 2 
26 33 2 
21 39 6 
19 39 2 
40 43 100000000 
1 31 100000000 
16 41 100000000 
13 30 100000000 
17 27 100000000 
35 49 100000000 
17 42 100000000 

ResulT: 29 -1
--------------------------------------------

bound: 30
new edge: 18 19 2
--------------------------------------------
Starting Primal Dual Algorithm: 
n: 50
m: 31
t: 10
47 48 || 21 34 || 26 11 || 36 33 || 23 21 || 
EEE: 
21 19 
40 43 
40 35 
40 21 
16 5 
39 14 
33 19 
19 26 
20 16 
28 8 
40 24 
35 49 
26 33 
43 23 
49 12 
19 39 
27 23 
1 31 
16 41 
13 30 
46 44 
10 2 
35 10 
17 42 
40 0 
33 29 
17 27 
21 39 
46 36 
39 22 
17 18 
INPUT END
Solution set: 19 26 2 
26 33 2 
21 39 6 
19 39 2 
13 30 100000000 
35 49 100000000 
16 41 100000000 
1 31 100000000 
17 18 100000000 
17 42 100000000 
40 43 100000000 
17 27 100000000 

ResulT: 30 -1
--------------------------------------------

bound: 31
new edge: 20 7 3
--------------------------------------------
Starting Primal Dual Algorithm: 
n: 50
m: 32
t: 10
47 48 || 21 34 || 26 11 || 36 33 || 23 21 || 
EEE: 
21 19 
40 43 
40 35 
40 21 
16 5 
39 14 
33 19 
19 26 
20 16 
28 8 
40 24 
35 49 
26 33 
43 23 
49 12 
19 39 
27 23 
1 31 
16 41 
13 30 
46 44 
10 2 
35 10 
17 42 
40 0 
33 29 
17 27 
21 39 
46 36 
39 22 
17 18 
19 6 
INPUT END
Solution set: 19 26 2 
26 33 2 
21 39 6 
19 39 2 
13 30 100000000 
35 49 100000000 
16 41 100000000 
1 31 100000000 
17 18 100000000 
17 42 100000000 
40 43 100000000 
17 27 100000000 

ResulT: 31 -1
--------------------------------------------

bound: 32
new edge: 29 33 7
--------------------------------------------
Starting Primal Dual Algorithm: 
n: 50
m: 33
t: 10
47 48 || 21 34 || 26 11 || 36 33 || 23 21 || 
EEE: 
21 19 
40 43 
40 35 
40 21 
16 5 
39 14 
33 19 
19 26 
20 16 
28 8 
40 24 
35 49 
26 33 
43 23 
49 12 
19 39 
27 23 
1 31 
16 41 
13 30 
46 44 
10 2 
35 10 
17 42 
40 0 
33 29 
17 27 
21 39 
46 36 
39 22 
17 18 
19 6 
28 32 
INPUT END
Solution set: 19 26 2 
26 33 2 
21 39 6 
19 39 2 
1 31 100000000 
17 18 100000000 
28 32 100000000 
40 43 100000000 
17 27 100000000 
16 41 100000000 
17 42 100000000 
13 30 100000000 
35 49 100000000 

ResulT: 32 -1
--------------------------------------------

bound: 33
new edge: 36 49 9
--------------------------------------------
Starting Primal Dual Algorithm: 
n: 50
m: 34
t: 10
47 48 || 21 34 || 26 11 || 36 33 || 23 21 || 
EEE: 
21 19 
40 43 
40 35 
40 21 
16 5 
39 14 
33 19 
19 26 
20 16 
28 8 
40 24 
35 49 
26 33 
43 23 
49 12 
19 39 
27 23 
1 31 
16 41 
13 30 
46 44 
10 2 
35 10 
17 42 
40 0 
33 29 
17 27 
21 39 
46 36 
39 22 
17 18 
19 6 
28 32 
35 48 
INPUT END
Solution set: 19 26 2 
26 33 2 
21 39 6 
35 48 1 
19 39 1 
35 49 9 
1 31 100000000 
17 18 100000000 
17 27 100000000 
13 30 100000000 
40 43 100000000 
16 41 100000000 
17 42 100000000 
28 32 100000000 

ResulT: 33 -1
--------------------------------------------

bound: 34
new edge: 22 10 6
--------------------------------------------
Starting Primal Dual Algorithm: 
n: 50
m: 35
t: 10
47 48 || 21 34 || 26 11 || 36 33 || 23 21 || 
EEE: 
21 19 
40 43 
40 35 
40 21 
16 5 
39 14 
33 19 
19 26 
20 16 
28 8 
40 24 
35 49 
26 33 
43 23 
49 12 
19 39 
27 23 
1 31 
16 41 
13 30 
46 44 
10 2 
35 10 
17 42 
40 0 
33 29 
17 27 
21 39 
46 36 
39 22 
17 18 
19 6 
28 32 
35 48 
21 9 
INPUT END
Solution set: 19 26 2 
26 33 2 
21 39 6 
35 48 1 
19 39 1 
35 49 9 
1 31 100000000 
17 18 100000000 
17 27 100000000 
13 30 100000000 
40 43 100000000 
16 41 100000000 
17 42 100000000 
28 32 100000000 

ResulT: 34 -1
--------------------------------------------

bound: 35
new edge: 20 38 8
--------------------------------------------
Starting Primal Dual Algorithm: 
n: 50
m: 36
t: 10
47 48 || 21 34 || 26 11 || 36 33 || 23 21 || 
EEE: 
21 19 
40 43 
40 35 
40 21 
16 5 
39 14 
33 19 
19 26 
20 16 
28 8 
40 24 
35 49 
26 33 
43 23 
49 12 
19 39 
27 23 
1 31 
16 41 
13 30 
46 44 
10 2 
35 10 
17 42 
40 0 
33 29 
17 27 
21 39 
46 36 
39 22 
17 18 
19 6 
28 32 
35 48 
21 9 
19 37 
INPUT END
Solution set: 19 26 2 
26 33 2 
21 39 6 
35 48 1 
19 39 1 
19 37 1 
35 49 9 
13 30 100000000 
40 43 100000000 
1 31 100000000 
17 42 100000000 
17 27 100000000 
17 18 100000000 
16 41 100000000 
28 32 100000000 

ResulT: 35 -1
--------------------------------------------

bound: 36
new edge: 33 35 3
--------------------------------------------
Starting Primal Dual Algorithm: 
n: 50
m: 37
t: 10
47 48 || 21 34 || 26 11 || 36 33 || 23 21 || 
EEE: 
21 19 
40 43 
40 35 
40 21 
16 5 
39 14 
33 19 
19 26 
20 16 
28 8 
40 24 
35 49 
26 33 
43 23 
49 12 
19 39 
27 23 
1 31 
16 41 
13 30 
46 44 
10 2 
35 10 
17 42 
40 0 
33 29 
17 27 
21 39 
46 36 
39 22 
17 18 
19 6 
28 32 
35 48 
21 9 
19 37 
32 34 
INPUT END
Solution set: 19 26 2 
26 33 2 
32 34 1 
21 39 5 
35 48 1 
28 32 1 
19 39 1 
19 37 1 
35 49 9 
13 30 100000000 
1 31 100000000 
40 43 100000000 
16 41 100000000 
17 42 100000000 
17 18 100000000 
17 27 100000000 

ResulT: 36 -1
--------------------------------------------

bound: 37
new edge: 42 6 9
--------------------------------------------
Starting Primal Dual Algorithm: 
n: 50
m: 38
t: 10
47 48 || 21 34 || 26 11 || 36 33 || 23 21 || 
EEE: 
21 19 
40 43 
40 35 
40 21 
16 5 
39 14 
33 19 
19 26 
20 16 
28 8 
40 24 
35 49 
26 33 
43 23 
49 12 
19 39 
27 23 
1 31 
16 41 
13 30 
46 44 
10 2 
35 10 
17 42 
40 0 
33 29 
17 27 
21 39 
46 36 
39 22 
17 18 
19 6 
28 32 
35 48 
21 9 
19 37 
32 34 
41 5 
INPUT END
Solution set: 19 26 2 
26 33 2 
32 34 1 
21 39 5 
35 48 1 
28 32 1 
19 39 1 
19 37 1 
35 49 9 
13 30 100000000 
1 31 100000000 
40 43 100000000 
16 41 100000000 
17 42 100000000 
17 18 100000000 
17 27 100000000 

ResulT: 37 -1
--------------------------------------------

bound: 38
new edge: 20 16 8
--------------------------------------------
Starting Primal Dual Algorithm: 
n: 50
m: 39
t: 10
47 48 || 21 34 || 26 11 || 36 33 || 23 21 || 
EEE: 
21 19 
40 43 
40 35 
40 21 
16 5 
39 14 
33 19 
19 26 
20 16 
28 8 
40 24 
35 49 
26 33 
43 23 
49 12 
19 39 
27 23 
1 31 
16 41 
13 30 
46 44 
10 2 
35 10 
17 42 
40 0 
33 29 
17 27 
21 39 
46 36 
39 22 
17 18 
19 6 
28 32 
35 48 
21 9 
19 37 
32 34 
41 5 
19 15 
INPUT END
Solution set: 19 26 2 
26 33 2 
32 34 1 
21 39 5 
35 48 1 
28 32 1 
19 39 1 
19 37 1 
35 49 9 
13 30 100000000 
1 31 100000000 
40 43 100000000 
16 41 100000000 
17 42 100000000 
17 18 100000000 
17 27 100000000 

ResulT: 38 -1
--------------------------------------------

bound: 39
new edge: 30 15 1
--------------------------------------------
Starting Primal Dual Algorithm: 
n: 50
m: 40
t: 10
47 48 || 21 34 || 26 11 || 36 33 || 23 21 || 
EEE: 
21 19 
40 43 
40 35 
40 21 
16 5 
39 14 
33 19 
19 26 
20 16 
28 8 
40 24 
35 49 
26 33 
43 23 
49 12 
19 39 
27 23 
1 31 
16 41 
13 30 
46 44 
10 2 
35 10 
17 42 
40 0 
33 29 
17 27 
21 39 
46 36 
39 22 
17 18 
19 6 
28 32 
35 48 
21 9 
19 37 
32 34 
41 5 
19 15 
29 14 
INPUT END
Solution set: 19 26 2 
26 33 2 
32 34 1 
21 39 5 
35 48 1 
28 32 1 
19 39 1 
19 37 1 
35 49 9 
13 30 100000000 
1 31 100000000 
40 43 100000000 
16 41 100000000 
17 42 100000000 
17 18 100000000 
17 27 100000000 

ResulT: 39 -1
--------------------------------------------

bound: 40
new edge: 45 26 6
--------------------------------------------
Starting Primal Dual Algorithm: 
n: 50
m: 41
t: 10
47 48 || 21 34 || 26 11 || 36 33 || 23 21 || 
EEE: 
21 19 
40 43 
40 35 
40 21 
16 5 
39 14 
33 19 
19 26 
20 16 
28 8 
40 24 
35 49 
26 33 
43 23 
49 12 
19 39 
27 23 
1 31 
16 41 
13 30 
46 44 
10 2 
35 10 
17 42 
40 0 
33 29 
17 27 
21 39 
46 36 
39 22 
17 18 
19 6 
28 32 
35 48 
21 9 
19 37 
32 34 
41 5 
19 15 
29 14 
44 25 
INPUT END
Solution set: 19 26 2 
26 33 2 
32 34 1 
21 39 5 
35 48 1 
28 32 1 
19 39 1 
19 37 1 
35 49 9 
13 30 100000000 
1 31 100000000 
40 43 100000000 
16 41 100000000 
17 42 100000000 
17 18 100000000 
17 27 100000000 

ResulT: 40 -1
--------------------------------------------

bound: 41
new edge: 19 2 5
--------------------------------------------
Starting Primal Dual Algorithm: 
n: 50
m: 42
t: 10
47 48 || 21 34 || 26 11 || 36 33 || 23 21 || 
EEE: 
21 19 
40 43 
40 35 
40 21 
16 5 
39 14 
33 19 
19 26 
20 16 
28 8 
40 24 
35 49 
26 33 
43 23 
49 12 
19 39 
27 23 
1 31 
16 41 
13 30 
46 44 
10 2 
35 10 
17 42 
40 0 
33 29 
17 27 
21 39 
46 36 
39 22 
17 18 
19 6 
28 32 
35 48 
21 9 
19 37 
32 34 
41 5 
19 15 
29 14 
44 25 
18 1 
INPUT END
Solution set: 19 26 2 
26 33 2 
32 34 1 
21 39 5 
35 48 1 
28 32 1 
19 39 1 
19 37 1 
35 49 9 
13 30 100000000 
1 31 100000000 
40 43 100000000 
16 41 100000000 
17 42 100000000 
17 18 100000000 
17 27 100000000 

ResulT: 41 -1
--------------------------------------------

bound: 42
new edge: 21 18 10
--------------------------------------------
Starting Primal Dual Algorithm: 
n: 50
m: 43
t: 10
47 48 || 21 34 || 26 11 || 36 33 || 23 21 || 
EEE: 
21 19 
40 43 
40 35 
40 21 
16 5 
39 14 
33 19 
19 26 
20 16 
28 8 
40 24 
35 49 
26 33 
43 23 
49 12 
19 39 
27 23 
1 31 
16 41 
13 30 
46 44 
10 2 
35 10 
17 42 
40 0 
33 29 
17 27 
21 39 
46 36 
39 22 
17 18 
19 6 
28 32 
35 48 
21 9 
19 37 
32 34 
41 5 
19 15 
29 14 
44 25 
18 1 
20 17 
INPUT END
Solution set: 19 26 2 
26 33 2 
32 34 1 
21 39 5 
35 48 1 
28 32 1 
19 39 1 
19 37 1 
35 49 9 
13 30 100000000 
1 31 100000000 
40 43 100000000 
16 41 100000000 
17 42 100000000 
17 18 100000000 
17 27 100000000 

ResulT: 42 -1
--------------------------------------------

bound: 43
new edge: 20 48 2
--------------------------------------------
Starting Primal Dual Algorithm: 
n: 50
m: 44
t: 10
47 48 || 21 34 || 26 11 || 36 33 || 23 21 || 
EEE: 
21 19 
40 43 
40 35 
40 21 
16 5 
39 14 
33 19 
19 26 
20 16 
28 8 
40 24 
35 49 
26 33 
43 23 
49 12 
19 39 
27 23 
1 31 
16 41 
13 30 
46 44 
10 2 
35 10 
17 42 
40 0 
33 29 
17 27 
21 39 
46 36 
39 22 
17 18 
19 6 
28 32 
35 48 
21 9 
19 37 
32 34 
41 5 
19 15 
29 14 
44 25 
18 1 
20 17 
19 47 
INPUT END
Solution set: 19 26 2 
26 33 2 
19 47 2 
32 34 1 
21 39 5 
35 48 1 
28 32 1 
19 39 1 
19 37 1 
35 49 9 
40 43 100000000 
1 31 100000000 
13 30 100000000 
16 41 100000000 
17 42 100000000 
17 18 100000000 
17 27 100000000 

ResulT: 43 -1
--------------------------------------------

bound: 44
new edge: 30 16 2
--------------------------------------------
Starting Primal Dual Algorithm: 
n: 50
m: 45
t: 10
47 48 || 21 34 || 26 11 || 36 33 || 23 21 || 
EEE: 
21 19 
40 43 
40 35 
40 21 
16 5 
39 14 
33 19 
19 26 
20 16 
28 8 
40 24 
35 49 
26 33 
43 23 
49 12 
19 39 
27 23 
1 31 
16 41 
13 30 
46 44 
10 2 
35 10 
17 42 
40 0 
33 29 
17 27 
21 39 
46 36 
39 22 
17 18 
19 6 
28 32 
35 48 
21 9 
19 37 
32 34 
41 5 
19 15 
29 14 
44 25 
18 1 
20 17 
19 47 
29 15 
INPUT END
Solution set: 19 26 2 
26 33 2 
19 47 2 
32 34 1 
21 39 5 
35 48 1 
28 32 1 
19 39 1 
19 37 1 
35 49 9 
40 43 100000000 
1 31 100000000 
13 30 100000000 
16 41 100000000 
17 42 100000000 
17 18 100000000 
17 27 100000000 

ResulT: 44 -1
--------------------------------------------

bound: 45
new edge: 36 4 6
--------------------------------------------
Starting Primal Dual Algorithm: 
n: 50
m: 46
t: 10
47 48 || 21 34 || 26 11 || 36 33 || 23 21 || 
EEE: 
21 19 
40 43 
40 35 
40 21 
16 5 
39 14 
33 19 
19 26 
20 16 
28 8 
40 24 
35 49 
26 33 
43 23 
49 12 
19 39 
27 23 
1 31 
16 41 
13 30 
46 44 
10 2 
35 10 
17 42 
40 0 
33 29 
17 27 
21 39 
46 36 
39 22 
17 18 
19 6 
28 32 
35 48 
21 9 
19 37 
32 34 
41 5 
19 15 
29 14 
44 25 
18 1 
20 17 
19 47 
29 15 
35 3 
INPUT END
Solution set: 19 26 2 
26 33 2 
19 47 2 
32 34 1 
21 39 5 
35 48 1 
28 32 1 
19 39 1 
19 37 1 
35 49 9 
40 43 100000000 
1 31 100000000 
13 30 100000000 
16 41 100000000 
17 42 100000000 
17 18 100000000 
17 27 100000000 

ResulT: 45 -1
--------------------------------------------

bound: 46
new edge: 42 46 10
--------------------------------------------
Starting Primal Dual Algorithm: 
n: 50
m: 47
t: 10
47 48 || 21 34 || 26 11 || 36 33 || 23 21 || 
EEE: 
21 19 
40 43 
40 35 
40 21 
16 5 
39 14 
33 19 
19 26 
20 16 
28 8 
40 24 
35 49 
26 33 
43 23 
49 12 
19 39 
27 23 
1 31 
16 41 
13 30 
46 44 
10 2 
35 10 
17 42 
40 0 
33 29 
17 27 
21 39 
46 36 
39 22 
17 18 
19 6 
28 32 
35 48 
21 9 
19 37 
32 34 
41 5 
19 15 
29 14 
44 25 
18 1 
20 17 
19 47 
29 15 
35 3 
41 45 
INPUT END
Solution set: 19 26 2 
26 33 2 
19 47 2 
32 34 1 
21 39 5 
35 48 1 
28 32 1 
19 39 1 
19 37 1 
35 49 9 
13 30 100000000 
17 27 100000000 
40 43 100000000 
17 18 100000000 
1 31 100000000 
17 42 100000000 
41 45 100000000 
16 41 100000000 

ResulT: 46 -1
--------------------------------------------

bound: 47
new edge: 30 5 4
--------------------------------------------
Starting Primal Dual Algorithm: 
n: 50
m: 48
t: 10
47 48 || 21 34 || 26 11 || 36 33 || 23 21 || 
EEE: 
21 19 
40 43 
40 35 
40 21 
16 5 
39 14 
33 19 
19 26 
20 16 
28 8 
40 24 
35 49 
26 33 
43 23 
49 12 
19 39 
27 23 
1 31 
16 41 
13 30 
46 44 
10 2 
35 10 
17 42 
40 0 
33 29 
17 27 
21 39 
46 36 
39 22 
17 18 
19 6 
28 32 
35 48 
21 9 
19 37 
32 34 
41 5 
19 15 
29 14 
44 25 
18 1 
20 17 
19 47 
29 15 
35 3 
41 45 
29 4 
INPUT END
Solution set: 19 26 2 
26 33 2 
19 47 2 
32 34 1 
21 39 5 
35 48 1 
28 32 1 
19 39 1 
19 37 1 
35 49 9 
13 30 100000000 
17 27 100000000 
40 43 100000000 
17 18 100000000 
1 31 100000000 
17 42 100000000 
41 45 100000000 
16 41 100000000 

ResulT: 47 -1
--------------------------------------------

bound: 48
new edge: 45 28 1
--------------------------------------------
Starting Primal Dual Algorithm: 
n: 50
m: 49
t: 10
47 48 || 21 34 || 26 11 || 36 33 || 23 21 || 
EEE: 
21 19 
40 43 
40 35 
40 21 
16 5 
39 14 
33 19 
19 26 
20 16 
28 8 
40 24 
35 49 
26 33 
43 23 
49 12 
19 39 
27 23 
1 31 
16 41 
13 30 
46 44 
10 2 
35 10 
17 42 
40 0 
33 29 
17 27 
21 39 
46 36 
39 22 
17 18 
19 6 
28 32 
35 48 
21 9 
19 37 
32 34 
41 5 
19 15 
29 14 
44 25 
18 1 
20 17 
19 47 
29 15 
35 3 
41 45 
29 4 
44 27 
INPUT END
Solution set: 19 26 2 
26 33 2 
19 47 2 
32 34 1 
21 39 5 
35 48 1 
28 32 1 
19 39 1 
19 37 1 
35 49 9 
13 30 100000000 
17 27 100000000 
40 43 100000000 
17 18 100000000 
1 31 100000000 
17 42 100000000 
41 45 100000000 
16 41 100000000 

ResulT: 48 -1
--------------------------------------------

bound: 49
new edge: 25 34 4
--------------------------------------------
Starting Primal Dual Algorithm: 
n: 50
m: 50
t: 10
47 48 || 21 34 || 26 11 || 36 33 || 23 21 || 
EEE: 
21 19 
40 43 
40 35 
40 21 
16 5 
39 14 
33 19 
19 26 
20 16 
28 8 
40 24 
35 49 
26 33 
43 23 
49 12 
19 39 
27 23 
1 31 
16 41 
13 30 
46 44 
10 2 
35 10 
17 42 
40 0 
33 29 
17 27 
21 39 
46 36 
39 22 
17 18 
19 6 
28 32 
35 48 
21 9 
19 37 
32 34 
41 5 
19 15 
29 14 
44 25 
18 1 
20 17 
19 47 
29 15 
35 3 
41 45 
29 4 
44 27 
24 33 
INPUT END
Solution set: 19 26 2 
26 33 2 
19 47 2 
32 34 1 
24 33 1 
21 39 4 
35 48 1 
19 37 1 
19 39 1 
28 32 1 
35 49 9 
1 31 100000000 
41 45 100000000 
40 43 100000000 
13 30 100000000 
17 27 100000000 
17 18 100000000 
17 42 100000000 
16 41 100000000 

ResulT: 49 -1
--------------------------------------------

bound: 50
new edge: 22 43 7
--------------------------------------------
Starting Primal Dual Algorithm: 
n: 50
m: 51
t: 10
47 48 || 21 34 || 26 11 || 36 33 || 23 21 || 
EEE: 
21 19 
40 43 
40 35 
40 21 
16 5 
39 14 
33 19 
19 26 
20 16 
28 8 
40 24 
35 49 
26 33 
43 23 
49 12 
19 39 
27 23 
1 31 
16 41 
13 30 
46 44 
10 2 
35 10 
17 42 
40 0 
33 29 
17 27 
21 39 
46 36 
39 22 
17 18 
19 6 
28 32 
35 48 
21 9 
19 37 
32 34 
41 5 
19 15 
29 14 
44 25 
18 1 
20 17 
19 47 
29 15 
35 3 
41 45 
29 4 
44 27 
24 33 
21 42 
INPUT END
Solution set: 19 26 2 
26 33 2 
19 47 2 
32 34 1 
24 33 1 
21 42 3 
21 39 1 
17 42 1 
35 48 1 
17 27 1 
28 32 1 
19 39 1 
19 37 1 
17 18 1 
35 49 9 
16 41 100000000 
40 43 100000000 
41 45 100000000 
13 30 100000000 
1 31 100000000 

ResulT: 50 -1
--------------------------------------------

bound: 51
new edge: 41 47 7
--------------------------------------------
Starting Primal Dual Algorithm: 
n: 50
m: 52
t: 10
47 48 || 21 34 || 26 11 || 36 33 || 23 21 || 
EEE: 
21 19 
40 43 
40 35 
40 21 
16 5 
39 14 
33 19 
19 26 
20 16 
28 8 
40 24 
35 49 
26 33 
43 23 
49 12 
19 39 
27 23 
1 31 
16 41 
13 30 
46 44 
10 2 
35 10 
17 42 
40 0 
33 29 
17 27 
21 39 
46 36 
39 22 
17 18 
19 6 
28 32 
35 48 
21 9 
19 37 
32 34 
41 5 
19 15 
29 14 
44 25 
18 1 
20 17 
19 47 
29 15 
35 3 
41 45 
29 4 
44 27 
24 33 
21 42 
40 46 
INPUT END
Solution set: 19 26 2 
26 33 2 
19 47 2 
32 34 1 
24 33 1 
21 42 3 
21 39 1 
17 42 1 
35 48 1 
17 27 1 
19 37 1 
17 18 1 
28 32 1 
19 39 1 
35 49 9 
41 45 100000000 
40 46 100000000 
16 41 100000000 
13 30 100000000 
1 31 100000000 
40 43 100000000 

ResulT: 51 -1
--------------------------------------------

bound: 52
new edge: 2 21 7
--------------------------------------------
Starting Primal Dual Algorithm: 
n: 50
m: 53
t: 10
47 48 || 21 34 || 26 11 || 36 33 || 23 21 || 
EEE: 
21 19 
40 43 
40 35 
40 21 
16 5 
39 14 
33 19 
19 26 
20 16 
28 8 
40 24 
35 49 
26 33 
43 23 
49 12 
19 39 
27 23 
1 31 
16 41 
13 30 
46 44 
10 2 
35 10 
17 42 
40 0 
33 29 
17 27 
21 39 
46 36 
39 22 
17 18 
19 6 
28 32 
35 48 
21 9 
19 37 
32 34 
41 5 
19 15 
29 14 
44 25 
18 1 
20 17 
19 47 
29 15 
35 3 
41 45 
29 4 
44 27 
24 33 
21 42 
40 46 
1 20 
INPUT END
Solution set: 19 26 2 
26 33 2 
19 47 2 
32 34 1 
24 33 1 
21 42 3 
21 39 1 
17 42 1 
35 48 1 
17 27 1 
28 32 1 
19 39 1 
19 37 1 
17 18 1 
35 49 9 
16 41 100000000 
1 31 100000000 
13 30 100000000 
40 46 100000000 
41 45 100000000 
40 43 100000000 
1 20 100000000 

ResulT: 52 -1
--------------------------------------------

bound: 53
new edge: 2 8 8
--------------------------------------------
Starting Primal Dual Algorithm: 
n: 50
m: 54
t: 10
47 48 || 21 34 || 26 11 || 36 33 || 23 21 || 
EEE: 
21 19 
40 43 
40 35 
40 21 
16 5 
39 14 
33 19 
19 26 
20 16 
28 8 
40 24 
35 49 
26 33 
43 23 
49 12 
19 39 
27 23 
1 31 
16 41 
13 30 
46 44 
10 2 
35 10 
17 42 
40 0 
33 29 
17 27 
21 39 
46 36 
39 22 
17 18 
19 6 
28 32 
35 48 
21 9 
19 37 
32 34 
41 5 
19 15 
29 14 
44 25 
18 1 
20 17 
19 47 
29 15 
35 3 
41 45 
29 4 
44 27 
24 33 
21 42 
40 46 
1 20 
1 7 
INPUT END
Solution set: 19 26 2 
26 33 2 
19 47 2 
32 34 1 
24 33 1 
21 42 3 
21 39 1 
17 42 1 
35 48 1 
17 27 1 
19 37 1 
28 32 1 
17 18 1 
19 39 1 
35 49 9 
16 41 100000000 
41 45 100000000 
1 20 100000000 
1 31 100000000 
13 30 100000000 
1 7 100000000 
40 46 100000000 
40 43 100000000 

ResulT: 53 -1
--------------------------------------------

bound: 54
new edge: 22 21 2
--------------------------------------------
Starting Primal Dual Algorithm: 
n: 50
m: 55
t: 10
47 48 || 21 34 || 26 11 || 36 33 || 23 21 || 
EEE: 
21 19 
40 43 
40 35 
40 21 
16 5 
39 14 
33 19 
19 26 
20 16 
28 8 
40 24 
35 49 
26 33 
43 23 
49 12 
19 39 
27 23 
1 31 
16 41 
13 30 
46 44 
10 2 
35 10 
17 42 
40 0 
33 29 
17 27 
21 39 
46 36 
39 22 
17 18 
19 6 
28 32 
35 48 
21 9 
19 37 
32 34 
41 5 
19 15 
29 14 
44 25 
18 1 
20 17 
19 47 
29 15 
35 3 
41 45 
29 4 
44 27 
24 33 
21 42 
40 46 
1 20 
1 7 
21 20 
INPUT END
Solution set: 19 26 2 
26 33 2 
19 47 2 
32 34 1 
24 33 1 
21 42 3 
21 39 1 
17 42 1 
35 48 1 
17 27 1 
19 37 1 
28 32 1 
17 18 1 
19 39 1 
35 49 9 
16 41 100000000 
41 45 100000000 
1 20 100000000 
1 31 100000000 
13 30 100000000 
1 7 100000000 
40 46 100000000 
40 43 100000000 

ResulT: 54 -1
--------------------------------------------

bound: 55
new edge: 4 5 8
--------------------------------------------
Starting Primal Dual Algorithm: 
n: 50
m: 56
t: 10
47 48 || 21 34 || 26 11 || 36 33 || 23 21 || 
EEE: 
21 19 
40 43 
40 35 
40 21 
16 5 
39 14 
33 19 
19 26 
20 16 
28 8 
40 24 
35 49 
26 33 
43 23 
49 12 
19 39 
27 23 
1 31 
16 41 
13 30 
46 44 
10 2 
35 10 
17 42 
40 0 
33 29 
17 27 
21 39 
46 36 
39 22 
17 18 
19 6 
28 32 
35 48 
21 9 
19 37 
32 34 
41 5 
19 15 
29 14 
44 25 
18 1 
20 17 
19 47 
29 15 
35 3 
41 45 
29 4 
44 27 
24 33 
21 42 
40 46 
1 20 
1 7 
21 20 
3 4 
INPUT END
Solution set: 19 26 2 
26 33 2 
19 47 2 
32 34 1 
24 33 1 
21 42 3 
21 39 1 
17 42 1 
35 48 1 
17 27 1 
28 32 1 
19 39 1 
19 37 1 
17 18 1 
35 49 9 
1 31 100000000 
41 45 100000000 
3 4 100000000 
16 41 100000000 
1 7 100000000 
40 46 100000000 
1 20 100000000 
13 30 100000000 
40 43 100000000 

ResulT: 55 -1
--------------------------------------------

bound: 56
new edge: 7 29 7
--------------------------------------------
Starting Primal Dual Algorithm: 
n: 50
m: 57
t: 10
47 48 || 21 34 || 26 11 || 36 33 || 23 21 || 
EEE: 
21 19 
40 43 
40 35 
40 21 
16 5 
39 14 
33 19 
19 26 
20 16 
28 8 
40 24 
35 49 
26 33 
43 23 
49 12 
19 39 
27 23 
1 31 
16 41 
13 30 
46 44 
10 2 
35 10 
17 42 
40 0 
33 29 
17 27 
21 39 
46 36 
39 22 
17 18 
19 6 
28 32 
35 48 
21 9 
19 37 
32 34 
41 5 
19 15 
29 14 
44 25 
18 1 
20 17 
19 47 
29 15 
35 3 
41 45 
29 4 
44 27 
24 33 
21 42 
40 46 
1 20 
1 7 
21 20 
3 4 
6 28 
INPUT END
Solution set: 19 26 2 
26 33 2 
19 47 2 
32 34 1 
24 33 1 
21 42 3 
21 39 1 
17 42 1 
35 48 1 
17 27 1 
17 18 1 
19 37 1 
28 32 1 
19 39 1 
6 28 7 
35 49 2 
1 31 100000000 
40 46 100000000 
3 4 100000000 
1 20 100000000 
13 30 100000000 
41 45 100000000 
40 43 100000000 
16 41 100000000 
1 7 100000000 

ResulT: 56 -1
--------------------------------------------

bound: 57
new edge: 36 39 7
--------------------------------------------
Starting Primal Dual Algorithm: 
n: 50
m: 58
t: 10
47 48 || 21 34 || 26 11 || 36 33 || 23 21 || 
EEE: 
21 19 
40 43 
40 35 
40 21 
16 5 
39 14 
33 19 
19 26 
20 16 
28 8 
40 24 
35 49 
26 33 
43 23 
49 12 
19 39 
27 23 
1 31 
16 41 
13 30 
46 44 
10 2 
35 10 
17 42 
40 0 
33 29 
17 27 
21 39 
46 36 
39 22 
17 18 
19 6 
28 32 
35 48 
21 9 
19 37 
32 34 
41 5 
19 15 
29 14 
44 25 
18 1 
20 17 
19 47 
29 15 
35 3 
41 45 
29 4 
44 27 
24 33 
21 42 
40 46 
1 20 
1 7 
21 20 
3 4 
6 28 
35 38 
INPUT END
Solution set: 19 26 2 
26 33 2 
19 47 2 
32 34 1 
24 33 1 
21 42 3 
21 39 1 
17 42 1 
35 48 1 
17 27 1 
17 18 1 
28 32 1 
19 37 1 
19 39 1 
35 38 6 
6 28 1 
35 49 2 
1 20 100000000 
1 7 100000000 
3 4 100000000 
41 45 100000000 
13 30 100000000 
40 43 100000000 
40 46 100000000 
1 31 100000000 
16 41 100000000 

ResulT: 57 -1
--------------------------------------------

bound: 58
new edge: 36 2 8
--------------------------------------------
Starting Primal Dual Algorithm: 
n: 50
m: 59
t: 10
47 48 || 21 34 || 26 11 || 36 33 || 23 21 || 
EEE: 
21 19 
40 43 
40 35 
40 21 
16 5 
39 14 
33 19 
19 26 
20 16 
28 8 
40 24 
35 49 
26 33 
43 23 
49 12 
19 39 
27 23 
1 31 
16 41 
13 30 
46 44 
10 2 
35 10 
17 42 
40 0 
33 29 
17 27 
21 39 
46 36 
39 22 
17 18 
19 6 
28 32 
35 48 
21 9 
19 37 
32 34 
41 5 
19 15 
29 14 
44 25 
18 1 
20 17 
19 47 
29 15 
35 3 
41 45 
29 4 
44 27 
24 33 
21 42 
40 46 
1 20 
1 7 
21 20 
3 4 
6 28 
35 38 
35 1 
INPUT END
Solution set: 19 26 2 
26 33 2 
19 47 2 
32 34 1 
24 33 1 
21 42 3 
21 39 1 
17 42 1 
35 48 1 
17 27 1 
17 18 1 
28 32 1 
19 37 1 
19 39 1 
35 38 6 
6 28 1 
35 49 2 
1 20 100000000 
1 7 100000000 
3 4 100000000 
41 45 100000000 
13 30 100000000 
40 43 100000000 
40 46 100000000 
1 31 100000000 
16 41 100000000 

ResulT: 58 -1
--------------------------------------------

bound: 59
new edge: 44 39 3
--------------------------------------------
Starting Primal Dual Algorithm: 
n: 50
m: 60
t: 10
47 48 || 21 34 || 26 11 || 36 33 || 23 21 || 
EEE: 
21 19 
40 43 
40 35 
40 21 
16 5 
39 14 
33 19 
19 26 
20 16 
28 8 
40 24 
35 49 
26 33 
43 23 
49 12 
19 39 
27 23 
1 31 
16 41 
13 30 
46 44 
10 2 
35 10 
17 42 
40 0 
33 29 
17 27 
21 39 
46 36 
39 22 
17 18 
19 6 
28 32 
35 48 
21 9 
19 37 
32 34 
41 5 
19 15 
29 14 
44 25 
18 1 
20 17 
19 47 
29 15 
35 3 
41 45 
29 4 
44 27 
24 33 
21 42 
40 46 
1 20 
1 7 
21 20 
3 4 
6 28 
35 38 
35 1 
43 38 
INPUT END
Solution set: 19 26 2 
26 33 2 
19 47 2 
32 34 1 
24 33 1 
21 42 3 
21 39 1 
17 42 1 
35 48 1 
17 27 1 
17 18 1 
28 32 1 
19 37 1 
19 39 1 
35 38 6 
6 28 1 
35 49 2 
1 20 100000000 
1 7 100000000 
3 4 100000000 
41 45 100000000 
13 30 100000000 
40 43 100000000 
40 46 100000000 
1 31 100000000 
16 41 100000000 

ResulT: 59 -1
--------------------------------------------

bound: 60
new edge: 28 5 8
--------------------------------------------
Starting Primal Dual Algorithm: 
n: 50
m: 61
t: 10
47 48 || 21 34 || 26 11 || 36 33 || 23 21 || 
EEE: 
21 19 
40 43 
40 35 
40 21 
16 5 
39 14 
33 19 
19 26 
20 16 
28 8 
40 24 
35 49 
26 33 
43 23 
49 12 
19 39 
27 23 
1 31 
16 41 
13 30 
46 44 
10 2 
35 10 
17 42 
40 0 
33 29 
17 27 
21 39 
46 36 
39 22 
17 18 
19 6 
28 32 
35 48 
21 9 
19 37 
32 34 
41 5 
19 15 
29 14 
44 25 
18 1 
20 17 
19 47 
29 15 
35 3 
41 45 
29 4 
44 27 
24 33 
21 42 
40 46 
1 20 
1 7 
21 20 
3 4 
6 28 
35 38 
35 1 
43 38 
27 4 
INPUT END
Solution set: 19 26 2 
26 33 2 
19 47 2 
32 34 1 
24 33 1 
21 42 3 
21 39 1 
17 42 1 
35 48 1 
17 27 1 
17 18 1 
28 32 1 
19 37 1 
19 39 1 
35 38 6 
6 28 1 
35 49 2 
1 20 100000000 
1 7 100000000 
3 4 100000000 
41 45 100000000 
13 30 100000000 
40 43 100000000 
40 46 100000000 
1 31 100000000 
16 41 100000000 

ResulT: 60 -1
--------------------------------------------

bound: 61
new edge: 20 14 7
--------------------------------------------
Starting Primal Dual Algorithm: 
n: 50
m: 62
t: 10
47 48 || 21 34 || 26 11 || 36 33 || 23 21 || 
EEE: 
21 19 
40 43 
40 35 
40 21 
16 5 
39 14 
33 19 
19 26 
20 16 
28 8 
40 24 
35 49 
26 33 
43 23 
49 12 
19 39 
27 23 
1 31 
16 41 
13 30 
46 44 
10 2 
35 10 
17 42 
40 0 
33 29 
17 27 
21 39 
46 36 
39 22 
17 18 
19 6 
28 32 
35 48 
21 9 
19 37 
32 34 
41 5 
19 15 
29 14 
44 25 
18 1 
20 17 
19 47 
29 15 
35 3 
41 45 
29 4 
44 27 
24 33 
21 42 
40 46 
1 20 
1 7 
21 20 
3 4 
6 28 
35 38 
35 1 
43 38 
27 4 
19 13 
INPUT END
Solution set: 19 26 2 
26 33 2 
19 47 2 
32 34 1 
24 33 1 
21 42 3 
21 39 1 
17 42 1 
35 48 1 
17 27 1 
17 18 1 
28 32 1 
19 37 1 
19 39 1 
35 38 6 
6 28 1 
35 49 2 
1 20 100000000 
1 7 100000000 
3 4 100000000 
41 45 100000000 
13 30 100000000 
40 43 100000000 
40 46 100000000 
1 31 100000000 
16 41 100000000 

ResulT: 61 -1
--------------------------------------------

bound: 62
new edge: 21 12 7
--------------------------------------------
Starting Primal Dual Algorithm: 
n: 50
m: 63
t: 10
47 48 || 21 34 || 26 11 || 36 33 || 23 21 || 
EEE: 
21 19 
40 43 
40 35 
40 21 
16 5 
39 14 
33 19 
19 26 
20 16 
28 8 
40 24 
35 49 
26 33 
43 23 
49 12 
19 39 
27 23 
1 31 
16 41 
13 30 
46 44 
10 2 
35 10 
17 42 
40 0 
33 29 
17 27 
21 39 
46 36 
39 22 
17 18 
19 6 
28 32 
35 48 
21 9 
19 37 
32 34 
41 5 
19 15 
29 14 
44 25 
18 1 
20 17 
19 47 
29 15 
35 3 
41 45 
29 4 
44 27 
24 33 
21 42 
40 46 
1 20 
1 7 
21 20 
3 4 
6 28 
35 38 
35 1 
43 38 
27 4 
19 13 
20 11 
INPUT END
Solution set: 19 26 2 
26 33 2 
19 47 2 
32 34 1 
24 33 1 
21 42 3 
21 39 1 
17 42 1 
35 48 1 
17 27 1 
17 18 1 
28 32 1 
19 37 1 
19 39 1 
35 38 6 
6 28 1 
35 49 2 
1 20 100000000 
1 7 100000000 
3 4 100000000 
41 45 100000000 
13 30 100000000 
40 43 100000000 
40 46 100000000 
1 31 100000000 
16 41 100000000 

ResulT: 62 -1
--------------------------------------------

INFEASIBLE
